2.312095833333333417e+01 3.047211111111110782e+01
2.314687500000000142e+01 3.050488888888888894e+01
2.317608333333333448e+01 3.035391666666666666e+01
2.320108333333333306e+01 3.066399999999999793e+01
2.325008333333333255e+01 3.055900000000000105e+01
2.326287500000000108e+01 3.051716666666666455e+01
2.332104166666666600e+01 3.089163888888888820e+01
2.335258333333333169e+01 3.039122222222222192e+01
2.338599999999999923e+01 3.069088888888888889e+01
2.338841666666666796e+01 3.056205555555555620e+01
2.339641666666666708e+01 3.060011111111111148e+01
2.341466666666666541e+01 3.076125000000000043e+01
2.342200000000000060e+01 3.037699999999999889e+01
2.343662499999999937e+01 3.074233333333333462e+01
2.345512499999999889e+01 3.063586111111111165e+01
2.345533333333333204e+01 3.088061111111111146e+01
2.345883333333333454e+01 3.069072222222222379e+01
2.346441666666666492e+01 3.068250000000000099e+01
2.346841666666666626e+01 3.065266666666666495e+01
2.348316666666666563e+01 3.075850000000000151e+01
2.349054166666666532e+01 3.028727777777777774e+01
2.352762500000000045e+01 3.069661111111111040e+01
2.354554166666666504e+01 3.057711111111111180e+01
2.356708333333333272e+01 3.056247222222222248e+01
2.356850000000000023e+01 3.052244444444444227e+01
2.357654166666666740e+01 3.064361111111110958e+01
2.359545833333333320e+01 3.073638888888888943e+01
2.360324999999999918e+01 3.055183333333333451e+01
2.360879166666666507e+01 3.057352777777777675e+01
2.362349999999999994e+01 3.062558333333333493e+01
2.374779166666666796e+01 3.061719444444444349e+01
2.375124999999999886e+01 3.069747222222222405e+01
