,x,y,cluster_id
0,-56.46059666919143,88.26465897295384,0
1,-23.12970682871716,109.6354249486763,0
2,-149.14012207919447,111.63354462578337,0
3,66.33887160826876,-49.240895926972314,0
4,-63.62856105839775,57.68578654319606,0
5,90.25505034192511,-19.428773250970863,0
6,-103.56846525134259,2.082520701897778,0
7,62.71164100387412,-105.88951383225736,0
8,75.6595300609439,41.03276851738528,0
9,-19.380090449001386,146.6708480422024,0
10,73.9510010584159,5.572668513962213,0
11,121.84597822871552,-146.66865333393366,0
12,-64.535500338527,-107.79033115098093,0
13,139.91085334166706,104.39275591839325,0
14,103.5914539784705,-35.549196001324546,0
15,122.26046341291107,-93.44279236760094,0
16,114.71533628658312,-117.55713972778696,0
17,-105.17772038548998,28.186954085015316,0
18,93.02857308773562,-9.596503944264896,0
19,34.86893060254832,35.588511939432834,0
20,-141.13886586756414,-20.109859311860134,0
21,26.545919561105023,87.9333265960428,0
22,15.175800897754954,-88.69768763216375,0
23,-138.7809265785782,-5.636772999246318,0
24,-125.74072462126233,-33.3969791603766,0
25,-48.17049378285144,115.49373593592054,0
26,-128.0496506084327,38.855071686440596,0
27,28.69394923780058,36.335241551007016,0
28,138.90812264226537,148.3686516012624,0
29,-5.117601323995672,147.32746029842946,0
30,-43.20028856508161,-51.604515650136136,0
31,6.868629627891664,-30.478264893018242,1
32,-28.33732156836357,-34.0089737663222,1
33,-264.8279189892448,-226.28312471476534,1
34,135.9071657842082,-87.98203165425124,1
35,1.6303372835448573,61.85575177186402,1
36,-51.91094423234309,227.00407003126674,1
37,-181.24664436051827,146.22766718125865,1
38,0.8106171266275912,-79.0146525935686,1
39,-67.37432276199374,131.06331037563567,1
40,16.887964524162907,-20.543522318135203,1
41,-98.48445665270626,-287.6647496258683,1
42,-3.082501763154266,-79.69560727047343,1
43,-23.423485236671894,-7.697542277667864,2
44,58.23491994989101,28.76309588103998,2
45,-75.33681435573581,133.960027457105,2
46,97.99087579595601,97.08786321349669,2
47,-30.104678668049317,45.33840170913984,2
48,-198.00164549938242,-211.3929020437659,2
49,17.116642183546833,-16.66844282648585,2
50,-37.35579200170135,238.5475811419911,2
51,103.64552856860013,235.93424940795813,2
52,39.047226195808406,138.18576635839614,2
